100
3 1 3
2 3
1 2
2 2
3 2
3 2 0
1 3
2 3
3 3 3
1 3
2 3
3 3
1 1
2 1
3 1
1 0 0
1 1 0
1 1
1 0 1
1 1
3 0 0
3 3 0
1 2
2 2
3 2
3 0 3
2 1
2 2
2 3
3 8 0
1 1
2 1
3 1
1 2
3 2
1 3
2 3
3 3
3 7 0
1 1
2 1
3 1
1 2
1 3
2 3
3 3
3 6 0
1 1
2 1
3 1
1 3
2 3
3 3
3 6 0
1 1
2 1
3 1
2 2
1 3
3 3
3 4 0
2 1
1 2
3 2
2 3
3 4 2
2 1
1 2
3 2
2 3
3 1
3 3
3 4 2
2 1
1 2
3 2
2 3
2 2
1 3
3 4 0
1 1
2 1
1 3
2 3
3 4 0
1 1
2 1
3 1
3 2
3 4 0
3 1
3 2
3 3
2 3
3 4 0
1 2
1 3
2 3
3 3
3 4 0
1 1
1 2
1 3
2 1
3 2 2
1 3
2 3
1 1
1 2
3 2 4
1 3
2 3
1 1
1 2
2 2
3 2
3 2 1
1 3
2 3
3 3
3 2 4
1 3
2 3
1 1
2 1
1 2
2 2
3 5 0
1 1
3 1
2 2
1 3
3 3
3 5 0
1 1
2 1
3 1
1 3
3 3
3 4 0
1 1
3 1
1 3
3 3
3 6 0
1 1
3 1
1 2
2 2
2 3
3 3
5 0 0
5 5 5
1 1
2 1
3 1
4 1
5 1
1 2
2 2
3 2
4 2
5 2
5 5 5
1 5
2 5
3 5
4 5
5 5
1 4
2 4
3 4
4 4
5 4
5 5 5
5 1
5 2
5 3
5 4
5 5
4 1
4 2
4 3
4 4
4 5
5 5 5
1 1
1 2
1 3
1 4
1 5
2 1
2 2
2 3
2 4
2 5
5 21 0
1 1
2 1
3 1
4 1
5 1
2 2
3 2
4 2
5 2
1 3
2 3
3 3
2 4
3 4
4 4
5 4
1 5
2 5
3 5
4 5
5 5
5 21 0
1 1
2 1
3 1
4 1
5 1
1 2
2 2
3 2
4 2
3 3
4 3
5 3
1 4
2 4
3 4
4 4
1 5
2 5
3 5
4 5
5 5
5 22 0
1 1
2 1
3 1
4 1
5 1
2 2
3 2
4 2
5 2
1 3
2 3
3 3
4 3
2 4
3 4
4 4
5 4
1 5
2 5
3 5
4 5
5 5
5 20 0
1 1
2 1
3 1
4 1
5 1
2 2
3 2
4 2
5 2
2 3
3 3
2 4
3 4
4 4
5 4
1 5
2 5
3 5
4 5
5 5
5 20 1
1 1
2 1
3 1
4 1
5 1
2 2
3 2
4 2
5 2
2 3
3 3
2 4
3 4
4 4
5 4
1 5
2 5
3 5
4 5
5 5
5 3
5 20 1
1 1
2 1
3 1
4 1
5 1
2 2
3 2
4 2
5 2
2 3
3 3
2 4
3 4
4 4
5 4
1 5
2 5
3 5
4 5
5 5
1 3
5 17 0
1 1
2 1
3 1
4 1
5 1
2 2
3 2
5 2
3 3
2 4
3 4
5 4
1 5
2 5
3 5
4 5
5 5
5 18 0
1 1
2 1
3 1
4 1
5 1
2 2
3 2
5 2
3 3
2 4
3 4
4 4
5 4
1 5
2 5
3 5
4 5
5 5
5 17 1
1 1
2 1
3 1
4 1
5 1
2 2
3 2
5 2
3 3
2 4
3 4
5 4
1 5
2 5
3 5
4 5
5 5
4 4
5 20 0
1 1
2 1
3 1
4 1
5 1
2 2
3 2
4 2
5 2
1 3
2 3
3 3
2 4
3 4
5 4
1 5
2 5
3 5
4 5
5 5
5 19 0
1 1
2 1
4 1
5 1
1 2
2 2
4 2
5 2
1 3
2 3
3 3
1 4
3 4
4 4
5 4
2 5
3 5
4 5
5 5
7 40 0
1 2
1 3
1 5
1 6
2 1
2 2
2 3
2 5
2 6
2 7
3 1
3 2
3 3
3 5
3 6
3 7
4 1
4 2
4 3
4 4
4 5
4 6
4 7
5 1
5 2
5 3
5 5
5 6
5 7
6 1
6 2
6 3
6 5
6 6
6 7
7 2
7 3
7 5
7 6
7 7
7 44 0
1 2
1 3
1 4
1 5
1 6
2 1
2 2
2 3
2 4
2 5
2 6
2 7
3 1
3 2
3 3
3 4
3 5
3 6
3 7
4 1
4 2
4 3
4 4
4 5
4 6
4 7
5 1
5 2
5 3
5 4
5 5
5 6
5 7
6 1
6 2
6 3
6 5
6 6
6 7
7 1
7 2
7 3
7 5
7 6
7 43 0
1 2
1 3
1 5
1 6
2 1
2 2
2 3
2 4
2 5
2 6
2 7
3 1
3 2
3 3
3 4
3 5
3 6
3 7
4 1
4 2
4 3
4 4
4 5
4 6
4 7
5 1
5 2
5 3
5 4
5 5
5 6
5 7
6 1
6 2
6 3
6 5
6 6
6 7
7 1
7 2
7 3
7 5
7 6
7 35 0
2 1
2 2
2 3
2 4
2 5
2 6
2 7
3 1
3 2
3 3
3 4
3 5
3 6
3 7
4 1
4 2
4 3
4 4
4 5
4 6
4 7
5 1
5 2
5 3
5 4
5 5
5 6
5 7
6 1
6 2
6 3
6 4
6 5
6 6
6 7
9 63 0
2 1
2 2
2 3
2 4
2 5
2 6
2 7
2 8
2 9
3 1
3 2
3 3
3 4
3 5
3 6
3 7
3 8
3 9
4 1
4 2
4 3
4 4
4 5
4 6
4 7
4 8
4 9
5 1
5 2
5 3
5 4
5 5
5 6
5 7
5 8
5 9
6 1
6 2
6 3
6 4
6 5
6 6
6 7
6 8
6 9
7 1
7 2
7 3
7 4
7 5
7 6
7 7
7 8
7 9
8 1
8 2
8 3
8 4
8 5
8 6
8 7
8 8
8 9
7 26 0
1 1
1 2
1 3
1 4
1 7
2 2
2 3
2 4
2 5
2 6
2 7
3 3
3 5
3 7
4 5
4 7
5 1
5 2
5 3
5 4
5 5
5 6
5 7
6 1
6 2
6 7
7 35 0
1 2
1 3
1 4
1 5
1 7
2 1
2 2
2 3
2 4
2 5
2 6
2 7
3 2
3 4
3 6
3 7
4 1
4 3
4 4
5 1
5 2
5 3
5 5
5 6
5 7
6 1
6 4
6 5
6 6
6 7
7 1
7 2
7 5
7 6
7 7
7 30 0
1 1
1 2
1 6
1 7
2 1
2 3
2 4
2 5
2 7
3 1
3 3
3 4
3 5
3 6
4 1
4 4
4 6
4 7
5 2
5 3
5 4
5 5
5 6
6 2
6 3
6 4
6 6
6 7
7 3
7 5
7 34 0
1 1
1 2
1 4
1 5
1 6
2 1
2 3
2 6
3 1
3 3
3 5
3 6
3 7
4 1
4 2
4 3
4 6
4 7
5 1
5 2
5 3
5 4
5 5
5 6
5 7
6 3
6 6
6 7
7 1
7 2
7 3
7 4
7 5
7 6
7 26 0
1 4
1 7
2 2
2 3
2 4
2 5
2 6
3 2
3 3
3 4
3 5
3 7
4 1
4 2
4 5
5 1
5 2
5 6
6 1
6 2
6 3
6 5
7 1
7 2
7 3
7 4
7 27 7
1 1
1 3
1 4
1 6
1 7
2 1
2 3
2 4
2 7
3 3
3 4
3 6
3 7
4 1
4 3
4 5
5 2
5 3
5 5
5 6
5 7
6 1
6 4
7 1
7 2
7 3
7 4
2 2
3 2
3 5
4 4
6 3
6 5
7 5
7 28 5
1 2
1 3
1 5
1 6
1 7
2 1
2 2
2 3
2 5
2 7
3 1
3 2
3 4
3 5
3 6
4 1
4 2
4 4
4 5
4 6
5 2
5 3
5 4
5 5
5 6
6 1
6 4
7 7
5 1
6 2
7 1
7 3
7 5
7 33 9
1 1
1 2
1 3
1 5
1 6
1 7
2 2
2 4
2 5
2 7
3 1
3 2
3 3
3 4
3 5
3 7
4 1
4 2
4 3
4 5
4 6
4 7
5 3
5 5
5 6
5 7
6 2
6 3
6 4
6 7
7 2
7 4
7 5
2 3
3 6
5 2
6 1
6 5
6 6
7 1
7 6
7 7
7 31 10
1 2
1 3
1 5
1 7
2 2
2 3
2 7
3 1
3 3
3 5
4 1
4 2
4 4
4 5
4 6
5 1
5 2
5 3
5 4
5 6
5 7
6 1
6 2
6 3
6 4
6 5
6 6
7 1
7 3
7 6
7 7
1 1
1 4
1 6
2 4
3 2
4 3
4 7
5 5
7 2
7 4
7 25 13
1 3
1 4
1 6
1 7
2 2
2 6
2 7
3 2
3 5
3 6
4 1
4 2
4 3
4 5
4 6
4 7
5 1
5 2
5 3
6 1
6 2
6 4
6 5
6 7
7 2
1 1
1 5
2 3
2 5
3 1
3 3
3 4
4 4
5 4
5 6
6 3
7 1
7 4
9 66 0
1 1
1 3
1 4
1 6
1 7
1 8
2 1
2 2
2 3
2 4
2 5
2 6
2 7
2 8
2 9
3 1
3 2
3 4
3 5
3 6
3 7
3 8
3 9
4 1
4 2
4 3
4 4
4 5
4 6
4 7
4 8
4 9
5 1
5 2
5 3
5 6
5 7
5 9
6 1
6 2
6 3
6 4
6 5
6 8
7 1
7 2
7 3
7 5
7 6
7 7
7 9
8 1
8 3
8 4
8 5
8 6
8 7
8 9
9 1
9 2
9 3
9 4
9 5
9 6
9 7
9 9
9 72 0
1 1
1 2
1 4
1 5
1 6
1 7
1 8
1 9
2 1
2 2
2 3
2 4
2 5
2 6
2 7
2 8
2 9
3 1
3 3
3 4
3 5
3 6
3 7
3 8
3 9
4 1
4 2
4 3
4 4
4 5
4 6
4 7
4 8
4 9
5 1
5 2
5 3
5 4
5 5
5 6
5 8
5 9
6 1
6 3
6 4
6 6
6 7
6 8
6 9
7 1
7 2
7 3
7 4
7 5
7 7
7 8
7 9
8 1
8 3
8 4
8 6
8 7
8 9
9 1
9 2
9 3
9 4
9 5
9 6
9 7
9 8
9 9
9 68 0
1 1
1 2
1 3
1 4
1 5
1 6
1 8
1 9
2 1
2 3
2 4
2 5
2 6
2 8
2 9
3 1
3 2
3 3
3 7
4 1
4 2
4 3
4 4
4 6
4 7
4 8
4 9
5 1
5 2
5 3
5 4
5 5
5 6
5 7
5 8
5 9
6 1
6 2
6 3
6 4
6 5
6 6
6 7
6 8
6 9
7 1
7 2
7 3
7 4
7 5
7 6
7 7
7 8
7 9
8 1
8 3
8 5
8 6
8 9
9 1
9 2
9 3
9 4
9 5
9 6
9 7
9 8
9 9
9 67 0
1 1
1 2
1 3
1 4
1 5
1 6
1 8
1 9
2 1
2 2
2 4
2 5
2 6
2 7
2 8
2 9
3 1
3 2
3 3
3 4
3 5
3 6
3 7
3 8
3 9
4 1
4 2
4 3
4 5
4 6
4 7
4 8
4 9
5 1
5 2
5 3
5 4
5 5
5 6
6 2
6 4
6 5
6 6
6 7
6 9
7 1
7 2
7 3
7 4
7 5
7 6
7 7
7 8
7 9
8 1
8 2
8 5
8 7
8 8
9 1
9 2
9 3
9 4
9 6
9 7
9 8
9 9
9 66 0
1 1
1 2
1 3
1 5
1 7
1 8
1 9
2 1
2 2
2 3
2 4
2 5
2 7
2 8
2 9
3 1
3 2
3 3
3 5
3 6
3 7
3 8
3 9
4 2
4 3
4 4
4 5
4 6
4 7
4 8
5 1
5 2
5 3
5 4
5 5
5 6
5 7
5 8
5 9
6 3
6 5
6 6
6 7
6 8
6 9
7 1
7 2
7 3
7 4
7 5
7 6
7 8
7 9
8 1
8 3
8 4
8 5
8 6
8 8
8 9
9 3
9 4
9 5
9 7
9 8
9 9
9 69 7
1 1
1 2
1 3
1 4
1 5
1 6
1 7
1 8
1 9
2 1
2 2
2 3
2 4
2 5
2 6
2 9
3 2
3 3
3 4
3 6
3 7
3 9
4 1
4 2
4 3
4 4
4 5
4 6
4 7
4 8
4 9
5 1
5 2
5 3
5 4
5 5
5 6
5 7
5 8
5 9
6 2
6 4
6 6
6 7
6 8
6 9
7 1
7 2
7 3
7 4
7 5
7 6
7 7
8 1
8 3
8 4
8 5
8 6
8 8
8 9
9 1
9 2
9 3
9 4
9 5
9 6
9 7
9 8
9 9
2 7
3 8
6 1
6 3
6 5
7 9
8 2
9 68 12
1 1
1 2
1 3
1 4
1 5
1 9
2 2
2 3
2 4
2 5
2 6
2 7
2 8
3 1
3 2
3 3
3 4
3 5
3 6
3 7
3 8
3 9
4 1
4 2
4 3
4 4
4 5
4 6
4 7
4 9
5 1
5 2
5 4
5 5
5 6
5 8
5 9
6 1
6 2
6 3
6 4
6 5
6 6
6 7
6 8
6 9
7 2
7 3
7 4
7 5
7 6
7 7
7 8
7 9
8 2
8 3
8 4
8 5
8 6
8 7
8 8
8 9
9 1
9 2
9 5
9 6
9 7
9 8
1 6
1 7
1 8
2 1
4 8
5 3
5 7
7 1
8 1
9 3
9 4
9 9
9 69 6
1 1
1 2
1 4
1 5
1 6
1 7
1 8
1 9
2 1
2 2
2 3
2 4
2 5
2 6
2 7
2 8
3 2
3 3
3 4
3 5
3 6
3 7
3 8
3 9
4 1
4 2
4 3
4 4
4 6
4 7
4 8
4 9
5 2
5 3
5 4
5 5
5 6
5 7
5 8
5 9
6 1
6 2
6 3
6 5
6 6
6 7
6 8
6 9
7 2
7 3
7 4
7 5
7 6
7 9
8 1
8 2
8 4
8 5
8 6
8 7
8 9
9 1
9 2
9 3
9 4
9 5
9 6
9 8
9 9
2 9
3 1
4 5
7 1
7 8
8 3
9 69 9
1 1
1 2
1 3
1 4
1 5
1 6
1 9
2 1
2 3
2 4
2 5
2 6
2 7
2 8
3 2
3 3
3 4
3 5
3 6
3 7
3 8
3 9
4 1
4 2
4 3
4 4
4 6
4 7
4 8
4 9
5 2
5 4
5 5
5 6
5 7
5 8
5 9
6 1
6 2
6 3
6 4
6 6
6 7
6 8
6 9
7 1
7 2
7 3
7 4
7 5
7 6
7 7
7 9
8 1
8 2
8 3
8 5
8 7
8 8
8 9
9 1
9 2
9 3
9 4
9 5
9 6
9 7
9 8
9 9
1 7
1 8
2 2
2 9
3 1
4 5
5 1
6 5
7 8
9 72 5
1 1
1 2
1 3
1 4
1 5
1 6
1 7
1 8
1 9
2 1
2 3
2 4
2 6
2 7
2 8
2 9
3 1
3 2
3 3
3 4
3 5
3 6
3 7
3 8
3 9
4 1
4 2
4 4
4 5
4 6
4 7
4 8
4 9
5 1
5 2
5 3
5 4
5 5
5 6
5 7
5 8
5 9
6 1
6 2
6 3
6 4
6 6
6 7
6 8
6 9
7 1
7 2
7 3
7 4
7 5
7 7
7 8
7 9
8 1
8 2
8 3
8 4
8 6
8 7
8 8
9 2
9 3
9 4
9 6
9 7
9 8
9 9
2 2
4 3
6 5
8 9
9 5
9 56 22
1 3
1 6
1 8
1 9
2 2
2 3
2 5
2 6
3 1
3 2
3 3
3 5
3 6
3 7
3 8
3 9
4 1
4 4
4 5
4 6
4 7
4 8
4 9
5 7
5 8
5 9
6 2
6 3
6 4
6 5
6 7
6 9
7 1
7 3
7 4
7 5
7 7
7 8
7 9
8 1
8 2
8 4
8 5
8 6
8 7
8 8
8 9
9 1
9 2
9 3
9 4
9 5
9 6
9 7
9 8
9 9
1 1
1 2
1 4
1 5
1 7
2 1
2 4
2 7
2 8
2 9
3 4
4 3
5 1
5 2
5 3
5 4
5 5
6 1
6 8
7 2
7 6
8 3
9 59 20
1 1
1 3
1 5
1 6
1 7
1 9
2 1
2 3
2 5
2 6
2 7
2 8
2 9
3 2
3 4
3 5
3 6
3 7
3 8
3 9
4 1
4 2
4 3
4 4
4 5
4 6
4 7
5 1
5 2
5 3
5 4
5 5
5 8
5 9
6 1
6 2
6 3
6 6
6 7
6 8
6 9
7 1
7 2
7 3
7 4
7 6
7 7
7 8
8 3
8 4
8 5
8 9
9 1
9 2
9 4
9 5
9 6
9 7
9 9
1 2
1 4
1 8
2 2
2 4
3 1
3 3
4 9
5 6
5 7
6 4
6 5
7 5
7 9
8 1
8 2
8 6
8 7
9 3
9 8
9 58 18
1 1
1 2
1 3
1 4
1 7
1 8
1 9
2 1
2 3
2 5
2 6
2 7
2 9
3 1
3 2
3 3
3 4
3 5
3 7
3 8
3 9
4 3
4 4
4 5
4 6
4 7
4 9
5 1
5 2
5 4
5 5
5 7
5 8
5 9
6 1
6 4
6 5
6 6
6 7
6 8
7 1
7 2
7 3
7 4
7 5
7 8
8 1
8 2
8 3
8 4
8 8
9 1
9 2
9 4
9 5
9 6
9 8
9 9
1 5
2 2
2 4
2 8
3 6
4 2
5 6
6 2
6 3
6 9
7 7
7 9
8 5
8 6
8 7
8 9
9 3
9 7
9 56 17
1 1
1 2
1 3
1 5
1 8
1 9
2 1
2 2
2 3
2 4
2 5
2 6
2 7
2 9
3 1
3 2
3 3
3 5
3 6
3 7
3 8
3 9
4 1
4 2
4 4
4 6
4 7
4 9
5 1
5 3
5 6
5 7
5 8
5 9
6 2
6 3
6 5
6 7
7 2
7 3
7 5
7 6
7 7
7 8
7 9
8 4
8 6
8 7
8 8
8 9
9 1
9 2
9 3
9 4
9 5
9 7
1 4
1 7
2 8
4 3
5 4
5 5
6 1
6 6
6 8
6 9
7 1
7 4
8 1
8 2
8 3
8 5
9 6
9 54 25
1 1
1 2
1 3
1 4
1 5
1 8
2 2
2 4
2 5
2 9
3 2
3 3
3 4
3 6
3 8
3 9
4 1
4 2
4 5
4 6
4 7
4 8
4 9
5 1
5 3
5 4
5 5
5 6
5 7
5 8
5 9
6 1
6 4
6 5
6 8
7 1
7 4
7 5
7 6
7 8
7 9
8 1
8 2
8 3
8 4
8 6
8 9
9 1
9 3
9 4
9 5
9 6
9 7
9 8
1 6
1 7
1 9
2 1
2 3
2 6
2 7
2 8
3 1
3 5
3 7
4 3
4 4
5 2
6 2
6 3
6 6
6 9
7 2
7 3
7 7
8 5
8 7
8 8
9 9
9 55 23
1 1
1 2
1 4
1 5
1 6
2 1
2 2
2 3
2 4
2 5
2 6
2 7
2 9
3 1
3 2
3 3
3 4
3 5
3 8
3 9
4 1
4 3
4 5
4 6
4 9
5 1
5 4
5 5
5 6
5 7
5 8
5 9
6 1
6 2
6 4
6 6
6 7
6 8
7 1
7 2
7 3
7 4
7 6
7 7
7 8
8 1
8 2
8 5
8 7
8 9
9 1
9 4
9 7
9 8
9 9
1 3
1 7
1 8
1 9
2 8
3 6
3 7
4 2
4 7
4 8
5 2
5 3
6 3
6 5
7 5
7 9
8 3
8 4
8 6
8 8
9 2
9 5
9 6
9 56 18
1 2
1 3
1 5
1 6
1 8
1 9
2 1
2 2
2 5
2 6
2 7
3 1
3 2
3 3
3 4
3 6
3 7
3 8
3 9
4 1
4 2
4 3
4 4
4 5
4 6
4 8
4 9
5 1
5 2
5 3
5 4
5 6
5 8
5 9
6 2
6 3
6 4
6 5
6 6
6 7
6 8
7 5
7 7
7 8
7 9
8 2
8 3
8 4
8 6
8 8
9 1
9 2
9 3
9 4
9 5
9 6
1 1
1 4
2 4
2 8
2 9
3 5
4 7
5 5
6 1
7 1
7 4
7 6
8 1
8 7
8 9
9 7
9 8
9 9
9 54 19
1 1
1 3
1 5
1 6
1 9
2 2
2 4
2 5
2 8
3 1
3 2
3 3
3 4
3 6
3 7
3 8
4 1
4 3
4 4
4 7
4 8
4 9
5 1
5 2
5 4
5 5
5 6
5 7
5 8
5 9
6 1
6 3
6 4
6 5
6 6
6 7
6 8
7 1
7 3
7 7
7 8
7 9
8 1
8 3
8 6
8 7
8 8
9 2
9 3
9 4
9 5
9 7
9 8
9 9
1 4
1 7
1 8
2 1
2 6
2 9
3 5
3 9
4 5
4 6
6 2
6 9
7 2
7 4
7 6
8 4
8 5
8 9
9 1
9 57 20
1 2
1 3
1 4
1 5
1 7
1 8
2 1
2 2
2 3
2 4
2 7
2 8
2 9
3 2
3 3
3 4
3 5
3 7
3 8
4 2
4 4
4 7
4 9
5 2
5 4
5 5
5 6
5 7
5 8
5 9
6 2
6 3
6 4
6 5
6 6
6 7
6 8
6 9
7 1
7 2
7 4
7 5
7 7
7 8
7 9
8 1
8 3
8 4
8 6
8 7
9 2
9 3
9 4
9 5
9 6
9 8
9 9
1 1
1 6
1 9
2 6
3 1
3 6
3 9
4 3
4 5
4 6
4 8
5 1
5 3
6 1
7 3
8 2
8 5
8 8
8 9
9 1
9 64 10
1 1
1 2
1 3
1 4
1 6
1 7
1 8
1 9
2 1
2 2
2 3
2 4
2 5
2 8
2 9
3 2
3 3
3 4
3 5
3 6
3 8
3 9
4 1
4 2
4 3
4 7
4 8
4 9
5 1
5 2
5 4
5 6
5 7
5 8
5 9
6 1
6 2
6 3
6 5
6 6
6 7
6 8
6 9
7 1
7 2
7 3
7 4
7 5
7 6
7 7
7 8
7 9
8 2
8 3
8 4
8 5
8 6
8 7
8 9
9 3
9 4
9 7
9 8
9 9
2 7
4 4
4 5
4 6
5 3
6 4
8 1
8 8
9 2
9 6
9 53 17
1 1
1 2
1 6
1 7
1 8
1 9
2 1
2 2
2 5
2 7
3 1
3 2
3 3
3 4
3 5
3 8
3 9
4 1
4 4
4 5
4 7
4 8
4 9
5 1
5 3
5 4
5 5
5 8
6 1
6 2
6 3
6 4
6 5
6 6
6 8
7 1
7 2
7 3
7 4
7 6
7 8
7 9
8 2
8 3
8 4
8 5
8 6
8 8
9 2
9 4
9 5
9 8
9 9
1 3
1 4
1 5
2 3
2 8
3 6
3 7
4 6
5 2
5 6
5 9
6 7
7 7
8 1
9 1
9 3
9 6
9 48 22
1 1
1 2
1 4
1 6
1 7
1 8
1 9
2 1
2 2
2 3
2 4
2 5
2 6
2 7
3 2
3 6
3 7
4 1
4 2
4 4
4 5
4 6
4 7
4 8
4 9
5 3
5 7
6 2
6 3
6 5
6 6
6 7
6 9
7 1
7 5
7 7
7 8
8 1
8 2
8 3
8 4
8 6
8 7
8 9
9 3
9 4
9 6
9 7
1 3
1 5
3 1
3 4
3 5
4 3
5 1
5 2
5 6
5 8
5 9
6 1
6 4
6 8
7 2
7 3
7 9
8 5
8 8
9 1
9 8
9 9
9 51 23
1 2
1 5
1 6
1 8
1 9
2 2
2 4
2 6
2 8
2 9
3 1
3 2
3 5
3 6
3 8
3 9
4 2
4 3
4 5
4 9
5 1
5 2
5 3
5 4
5 6
5 7
5 8
5 9
6 1
6 4
6 6
6 7
6 8
7 1
7 6
7 7
7 9
8 1
8 2
8 3
8 6
8 7
8 9
9 1
9 3
9 4
9 5
9 6
9 7
9 8
9 9
1 1
1 4
2 1
2 3
2 5
2 7
3 3
3 4
3 7
4 1
4 4
4 6
4 8
5 5
6 3
7 2
7 3
7 4
7 5
8 4
8 5
8 8
9 2
9 51 23
1 2
1 3
1 5
1 7
2 1
2 3
2 6
2 9
3 1
3 2
3 3
3 5
3 8
3 9
4 1
4 2
4 3
4 4
4 5
4 6
4 8
4 9
5 2
5 3
5 4
5 5
5 6
5 7
5 8
5 9
6 1
6 3
6 5
6 6
6 7
6 8
6 9
7 1
7 2
7 3
7 7
7 8
8 3
8 4
8 5
8 6
9 1
9 5
9 6
9 7
9 9
1 1
1 4
1 6
1 8
2 2
2 4
2 5
2 8
3 6
3 7
4 7
5 1
6 2
6 4
7 5
7 9
8 1
8 2
8 8
8 9
9 2
9 4
9 8
9 59 14
1 1
1 2
1 3
1 6
1 7
1 8
1 9
2 1
2 2
2 3
2 4
2 5
2 7
2 8
3 1
3 3
3 4
3 5
3 6
3 8
3 9
4 1
4 2
4 7
5 2
5 3
5 4
5 5
5 8
6 1
6 2
6 3
6 6
6 7
6 8
6 9
7 1
7 2
7 3
7 4
7 5
7 6
7 7
7 8
7 9
8 1
8 2
8 3
8 4
8 5
8 6
8 7
9 1
9 2
9 3
9 4
9 5
9 8
9 9
1 4
2 9
3 2
4 3
4 4
4 5
4 6
4 9
5 1
5 9
6 4
6 5
9 6
9 7
9 55 15
1 2
1 3
1 5
1 6
1 7
1 9
2 1
2 3
2 4
2 5
2 6
2 7
2 8
2 9
3 1
3 2
3 3
3 4
3 5
3 6
3 8
3 9
4 1
4 3
4 4
4 6
4 8
4 9
5 1
5 2
5 3
5 4
5 6
5 7
5 9
6 1
6 2
6 6
6 7
6 8
6 9
7 1
7 4
7 6
7 9
8 3
8 4
8 5
8 9
9 2
9 3
9 5
9 6
9 7
9 9
1 8
3 7
4 2
4 5
6 3
6 4
7 3
7 7
7 8
8 1
8 2
8 6
8 7
9 1
9 4
9 59 13
1 1
1 2
1 3
1 5
1 6
1 7
1 8
1 9
2 2
2 3
2 5
2 6
2 7
3 1
3 2
3 4
3 5
3 6
3 9
4 1
4 4
4 5
4 6
4 8
4 9
5 1
5 2
5 3
5 4
5 6
5 7
5 8
5 9
6 2
6 3
6 4
6 5
6 7
6 8
6 9
7 1
7 2
7 3
7 4
7 5
7 7
7 8
7 9
8 1
8 2
8 3
8 4
8 8
9 1
9 2
9 3
9 4
9 6
9 7
2 8
2 9
4 2
4 3
4 7
5 5
6 6
8 6
8 7
8 9
9 5
9 8
9 9
9 59 12
1 1
1 2
1 3
1 4
1 5
1 6
1 7
1 8
1 9
2 1
2 4
2 5
2 6
2 7
3 1
3 2
3 5
3 6
3 9
4 1
4 2
4 3
4 5
4 6
4 7
4 8
4 9
5 1
5 2
5 4
5 5
5 6
5 7
5 9
6 1
6 2
6 3
6 4
6 6
6 8
6 9
7 1
7 2
7 4
7 5
7 6
7 7
7 9
8 1
8 2
8 4
8 6
8 7
8 8
9 1
9 2
9 6
9 8
9 9
2 2
2 3
2 8
2 9
3 3
5 3
6 7
7 8
8 3
8 5
8 9
9 3
9 52 13
1 1
1 2
1 5
1 8
1 9
2 1
2 3
2 4
2 5
2 6
2 7
2 9
3 1
3 3
3 4
3 6
3 7
3 9
4 1
4 2
4 3
4 5
4 6
4 8
5 2
5 4
5 5
5 6
6 1
6 2
6 5
6 6
6 7
6 9
7 2
7 4
7 6
7 7
7 8
8 1
8 3
8 4
8 7
8 8
8 9
9 1
9 2
9 4
9 6
9 7
9 8
9 9
1 3
2 8
3 8
5 1
5 3
5 7
5 8
6 4
7 1
7 3
8 5
8 6
9 5
9 57 13
1 1
1 2
1 3
1 4
1 5
1 6
1 7
1 8
2 1
2 2
2 3
2 4
2 6
3 1
3 5
3 6
3 7
3 9
4 3
4 4
4 6
4 7
4 9
5 1
5 2
5 3
5 4
5 5
5 6
5 8
6 1
6 2
6 3
6 5
6 6
6 7
6 8
7 1
7 3
7 4
7 5
7 6
7 8
7 9
8 1
8 4
8 5
8 6
8 7
8 9
9 1
9 2
9 4
9 5
9 6
9 7
9 8
2 9
3 3
3 4
4 2
4 8
5 7
5 9
7 2
7 7
8 3
8 8
9 3
9 9
9 60 11
1 1
1 3
1 4
1 5
1 6
1 7
1 9
2 1
2 4
2 5
2 7
3 1
3 4
3 5
3 6
3 7
3 8
4 1
4 3
4 4
4 5
4 8
4 9
5 2
5 3
5 4
5 5
5 6
5 7
5 8
6 1
6 2
6 4
6 7
6 8
7 1
7 2
7 3
7 4
7 6
7 7
7 8
7 9
8 1
8 3
8 4
8 5
8 6
8 7
8 8
8 9
9 1
9 2
9 3
9 4
9 5
9 6
9 7
9 8
9 9
1 2
2 3
2 8
2 9
3 9
4 7
5 9
6 3
6 5
7 5
8 2
9 51 15
1 1
1 3
1 4
1 5
1 6
1 8
1 9
2 1
2 3
2 6
2 7
2 8
2 9
3 2
3 3
3 4
3 5
3 6
3 7
3 8
4 1
4 2
4 3
4 4
4 5
4 6
4 7
4 9
5 1
5 2
5 4
5 5
5 6
5 7
6 2
6 5
6 6
7 2
7 3
7 4
7 6
7 8
8 2
8 4
8 8
8 9
9 1
9 2
9 5
9 6
9 7
1 2
2 4
3 9
4 8
5 3
6 4
7 5
7 7
7 9
8 1
8 5
9 3
9 4
9 8
9 9
9 48 10
1 1
1 5
2 1
2 3
2 4
2 5
2 6
2 8
2 9
3 1
3 2
3 4
3 7
3 8
4 1
4 2
4 3
4 4
4 5
4 6
4 7
4 8
5 4
5 6
5 7
5 9
6 1
6 4
6 5
6 6
6 7
6 8
6 9
7 2
7 3
7 4
7 5
7 6
7 7
8 2
8 3
8 8
9 1
9 2
9 5
9 6
9 7
9 8
1 4
1 6
1 7
2 2
3 6
3 9
5 3
5 8
6 2
8 6
9 49 10
1 2
1 3
1 4
1 5
1 7
1 8
2 1
2 2
2 3
2 5
2 8
2 9
3 1
3 2
3 3
3 5
3 8
4 1
4 2
4 3
4 5
4 6
4 8
4 9
5 1
5 2
5 4
5 5
5 7
5 8
5 9
6 1
6 2
6 3
6 4
6 9
7 1
7 2
7 4
7 5
7 7
7 9
8 1
8 3
8 4
8 7
8 8
8 9
9 2
1 6
2 7
3 4
3 6
4 4
6 5
6 8
7 3
8 6
9 9
9 51 13
1 1
1 3
1 5
1 6
1 7
1 9
2 1
2 2
2 3
2 5
2 8
2 9
3 4
3 5
3 7
3 8
4 2
4 6
4 7
4 8
5 1
5 3
5 4
5 5
5 6
5 9
6 2
6 3
6 4
6 5
6 6
6 8
7 1
7 4
7 5
7 6
7 9
8 1
8 2
8 3
8 5
8 6
8 7
8 8
9 1
9 2
9 3
9 4
9 6
9 8
9 9
2 4
2 7
3 2
3 9
4 1
4 9
5 7
5 8
6 1
6 9
7 7
7 8
9 5
9 54 14
1 1
1 2
1 4
1 5
1 6
2 1
2 3
2 5
2 6
2 7
2 8
2 9
3 1
3 2
3 4
3 7
3 8
3 9
4 1
4 2
4 3
4 4
4 5
4 6
4 9
5 2
5 3
5 4
5 6
5 8
5 9
6 2
6 3
6 4
6 5
6 6
6 7
6 8
6 9
7 1
7 2
7 3
7 4
7 6
7 9
8 1
8 2
8 3
8 6
8 8
8 9
9 3
9 6
9 9
1 8
2 2
2 4
3 3
3 5
4 7
5 1
6 1
7 5
7 7
8 5
9 2
9 4
9 8
9 44 17
1 4
1 5
1 6
1 7
1 8
1 9
2 1
2 2
2 3
2 4
2 6
2 7
2 9
3 2
3 3
3 4
3 6
3 8
4 2
4 4
4 6
4 7
4 8
4 9
5 1
5 2
5 3
5 4
5 6
5 8
6 1
6 2
6 4
6 6
6 8
7 2
7 3
7 7
7 9
8 3
8 5
8 6
8 7
9 3
1 1
2 5
2 8
3 5
4 3
5 5
5 9
6 3
7 1
8 2
8 8
8 9
9 1
9 4
9 6
9 8
9 9
9 46 14
1 1
1 2
1 3
1 7
1 8
2 1
2 2
2 3
2 4
2 7
2 8
2 9
3 1
3 2
3 6
3 7
3 9
4 1
4 2
4 4
4 6
4 7
4 9
5 1
5 3
5 4
5 5
5 7
5 9
6 1
6 4
6 6
6 8
7 4
7 5
7 8
7 9
8 2
8 6
8 7
8 9
9 1
9 2
9 3
9 5
9 6
1 9
3 3
4 5
5 2
6 3
6 9
7 7
8 1
8 3
8 4
8 5
8 8
9 8
9 9
9 52 11
1 1
1 5
1 6
1 7
1 8
1 9
2 4
2 5
2 6
2 7
2 8
3 1
3 2
3 4
3 7
3 8
4 1
4 2
4 3
4 7
4 8
5 2
5 3
5 4
5 5
5 6
5 8
5 9
6 2
6 3
6 4
6 6
6 7
6 8
7 2
7 4
7 7
7 9
8 1
8 3
8 4
8 5
8 6
8 7
8 8
8 9
9 1
9 3
9 5
9 7
9 8
9 9
1 2
1 4
2 1
2 2
3 3
3 6
3 9
6 1
6 5
7 6
9 4
9 50 18
1 1
1 4
1 5
1 6
2 2
2 6
2 7
3 1
3 3
3 4
3 5
4 1
4 4
4 6
4 7
4 8
5 1
5 2
5 4
5 5
5 6
5 7
5 8
6 1
6 4
6 6
6 7
6 8
6 9
7 1
7 4
7 5
7 6
7 7
7 8
7 9
8 2
8 3
8 4
8 6
8 7
8 8
8 9
9 1
9 2
9 3
9 4
9 5
9 8
9 9
1 2
1 3
1 7
1 8
1 9
2 1
2 3
2 4
2 5
3 7
4 3
4 9
6 3
6 5
7 2
7 3
9 6
9 7
